0 0.769531625 0.6361190026954178 0.14550699999999994 0.21563300000000007
0 0.00683625 0.14285708894878707 0.009765 0.028301999999999983
0 0.0126948125 0.1671157978436658 0.010742999999999999 0.030996999999999983
0 0.0898441875 0.5485174824797844 0.14843699999999999 0.11859800000000005
0 0.025390375 0.13477079784366577 0.012695999999999999 0.03234500000000001
0 0.032226375 0.15229096226415095 0.011719 0.018868
0 0.0771484375 0.41644177358490564 0.091797 0.11455599999999996
0 0.044922125 0.14555283557951484 0.005859000000000003 0.013476999999999975
0 0.06542981249999999 0.13342325336927224 0.010742000000000008 0.017520000000000008
0 0.0791015 0.13477067115902966 0.015625 0.022911000000000015
0 0.1279293125 0.43396252021563336 0.088868 0.09838299999999998
0 0.1093749375 0.1522906334231806 0.046874999999999986 0.04177900000000002
0 0.16894575 0.4811319757412399 0.08691399999999999 0.08625300000000001
0 0.1464845 0.15768150673854447 0.015625 0.03369300000000001
0 0.18457025 0.39757384905660376 0.07128900000000002 0.075472
0 0.1865230625 0.1509431778975741 0.04980499999999999 0.053909
0 0.2089844375 0.21967608894878704 0.030272999999999994 0.02830200000000002
0 0.264648875 0.5741241024258761 0.12207000000000001 0.092992
0 0.2138675 0.16172479784366578 0.015625 0.03234499999999998
0 0.2636721875 0.5175198867924529 0.11718699999999999 0.05795200000000007
0 0.2675784375 0.7142857601078166 0.124023 0.04986500000000012
0 0.2275395 0.14150979784366577 0.017577999999999983 0.032345
0 0.28320275 0.4541779757412399 0.11718800000000001 0.08625299999999994
0 0.2402341875 0.16711592452830187 0.021485000000000004 0.03773600000000004
0 0.2490238125 0.13342296226415093 0.01074200000000003 0.01886800000000002
0 0.2871095 0.6792448113207548 0.079101 0.09434000000000005
0 0.2949215 0.6105117601078167 0.078125 0.048517999999999936
0 0.269531375 0.14689979784366577 0.012694999999999956 0.030997999999999987
0 0.272461125 0.13611812668463613 0.005858999999999948 0.009434
0 0.30175825 0.13746654447439355 0.008788999999999991 0.016171999999999995
0 0.3134765 0.202156051212938 0.017577999999999983 0.047170000000000024
0 0.31542925 0.13611896226415093 0.008788999999999991 0.021562999999999985
0 0.3339845 0.13072796226415093 0.017577999999999983 0.021563000000000023
0 0.3496095 0.14824808894878708 0.016600999999999977 0.028301999999999983
0 0.365234375 0.13746592452830186 0.01171899999999998 0.039083999999999994
0 0.4160159375 0.5983827628032344 0.07617200000000002 0.261456
0 0.386718375 0.15363925336927223 0.01171899999999998 0.017520000000000008
0 0.396483875 0.14689996226415095 0.027344000000000035 0.018867999999999982
0 0.4199219375 0.3571427735849057 0.04492200000000002 0.11320799999999996
0 0.4140628125 0.14016167115902964 0.01074200000000003 0.022911000000000015
0 0.425781375 0.14016196226415095 0.012694999999999956 0.020214999999999973
0 0.50683575 0.5026954824797844 0.11816399999999999 0.11859800000000005
0 0.458984375 0.12937996226415094 0.012695000000000012 0.020216000000000012
0 0.4746096875 0.14420438005390837 0.007811999999999986 0.02425899999999999
0 0.5234370625 0.4231803045822103 0.08007900000000001 0.06468999999999991
0 0.5019535625 0.13881405121293802 0.035155999999999965 0.04716999999999998
0 0.5615234375 0.4218329757412399 0.06054700000000002 0.08355800000000004
0 0.549804375 0.14285738005390836 0.011719000000000035 0.02695399999999997
0 0.6777345625 0.4824793692722372 0.09765600000000008 0.17250700000000002
