0 0.65875 0.6443359375 0.31416700000000014 0.32687499999999997
0 0.016927083333333332 0.32828125 0.035 0.03937499999999999
0 0.018229166666666668 0.418984375 0.0375 0.044375
0 0.046405916666666665 0.576328125 0.09333400000000001 0.09875
0 0.11968716666666668 0.4299609375 0.06833399999999999 0.04625000000000001
0 0.1289583333333333 0.3923046875 0.07500000000000002 0.03749999999999998
0 0.155625 0.3088671875 0.031666999999999966 0.02250000000000002
0 0.19119825 0.3616796875 0.039166 0.03749999999999998
0 0.24479133333333333 0.5017578125 0.07333400000000001 0.07375000000000004
0 0.273958 0.4230859375 0.03250000000000001 0.044999999999999984
0 0.28687466666666667 0.453359375 0.05249999999999999 0.044375
0 0.2882291666666667 0.3639453125 0.03833300000000003 0.02562500000000001
0 0.9650520833333333 0.37171875 0.0666670000000001 0.05625000000000002
