0 0.3356770833333333 0.5431645625 0.16145800000000007 0.09609299999999998
0 0.2643225833333333 0.3249995 0.08229200000000003 0.04843799999999998
0 0.4127604166666667 0.3990234375 0.10729200000000001 0.06171899999999997
0 0.49739549999999993 0.3056643125 0.04791699999999999 0.025781
0 0.5763024166666667 0.5958986875 0.20208299999999993 0.10078100000000001
0 0.5841149166666666 0.332421875 0.09166600000000003 0.027344000000000035
0 0.6695309166666666 0.4935544375 0.18541699999999986 0.09296900000000002
0 0.8940100833333333 0.5681635625 0.19062499999999996 0.09609400000000001
0 0.920833 0.420703125 0.15625 0.06718799999999997
0 0.9130211666666668 0.367578125 0.06874999999999994 0.035938000000000025
0 0.952083 0.4607421875 0.09375 0.08437500000000003
