0 0.2013671875 0.6429115853658537 0.335 0.517708
0 0.0146484375 0.7486788617886179 0.03 0.175
0 0.0654296875 0.37151897560975605 0.1325 0.19583400000000004
0 0.1337890625 0.2790650406504065 0.269375 0.209375
0 0.11109375 0.11943597560975609 0.21250000000000002 0.195833
0 0.2501953125 0.06991869918699187 0.18312500000000004 0.141667
0 0.40109375 0.1463672032520325 0.30499999999999994 0.24375
0 0.62625 0.5506856422764228 0.43875 0.329167
0 0.4962109375 0.23803320325203253 0.13875000000000004 0.24375
0 0.659609375 0.31725134959349593 0.324375 0.270833
0 0.6859375 0.12845528455284552 0.171875 0.258333
0 0.88390625 0.14984789430894307 0.22750000000000004 0.17916600000000002
