0 0.5154296875 0.6716666666666667 0.13187500000000002 0.08499999999999996
0 0.0176171875 0.5135940833333333 0.021875000000000002 0.034165999999999995
0 0.116015625 0.3009895833333333 0.14625 0.11416700000000002
0 0.0524609375 0.5310940833333334 0.015 0.03416599999999992
0 0.1187890625 0.53869825 0.04937499999999999 0.040832999999999973
0 0.1330078125 0.38000033333333333 0.041249999999999995 0.044166000000000004
0 0.186953125 0.6481774166666666 0.09812499999999999 0.13916600000000004
0 0.1829296875 0.5126559166666667 0.03875000000000001 0.029167000000000016
0 0.2884765625 0.36291633333333334 0.15874999999999997 0.10499999999999994
0 0.31257812500000004 0.0546875 0.19249999999999998 0.110833
0 0.22984375 0.54536425 0.023749999999999993 0.040000000000000036
0 0.3208203125 0.7023955000000001 0.15124999999999997 0.07916700000000006
0 0.306015625 0.5310416666666667 0.11499999999999999 0.05333299999999993
0 0.327734375 0.6248961666666667 0.043749999999999956 0.03666600000000001
0 0.3780859375 0.5855211666666666 0.04624999999999996 0.06916599999999999
0 0.44765625 0.4608333333333334 0.13437500000000002 0.16750000000000007
0 0.4660546875 0.56734375 0.10062499999999996 0.05666699999999988
0 0.5347265625 0.5691663333333333 0.03375000000000006 0.04333400000000006
0 0.5464453125 0.12833366666666665 0.05687500000000001 0.08583299999999999
0 0.538203125 0.54125 0.036250000000000004 0.06416699999999993
0 0.5669140625 0.5159899166666667 0.01937500000000003 0.029166000000000025
0 0.598125 0.5860940833333333 0.03249999999999997 0.034165999999999995
0 0.5976953125 0.6137496666666666 0.026249999999999996 0.020834000000000092
0 0.6008203125 0.48276008333333337 0.02562500000000001 0.03416699999999998
0 0.5955078125 0.5434899166666667 0.011250000000000093 0.030833000000000037
0 0.638828125 0.5580205 0.0675 0.11000000000000003
0 0.6536328125 0.6622395833333333 0.04249999999999998 0.05166700000000005
0 0.6540625 0.63921875 0.016249999999999987 0.02416700000000005
0 0.68515625 0.717083 0.07187500000000002 0.0625
0 0.7803125 0.75151075 0.07937500000000008 0.05666600000000003
0 0.767890625 0.551458 0.020625000000000004 0.031667000000000035
0 0.79625 0.6730725833333334 0.06312499999999999 0.05166699999999983
0 0.7794921875 0.572292 0.02312499999999995 0.03249999999999997
0 0.835390625 0.5476045 0.1137499999999999 0.04833299999999996
0 0.8150390625 0.51171875 0.01937500000000003 0.02416700000000005
0 0.87390625 0.4658333333333333 0.10312500000000002 0.043333000000000066
0 0.87484375 0.5027600833333333 0.024374999999999925 0.03499999999999992
0 0.924296875 0.5500003333333333 0.059374999999999956 0.04333299999999999
0 0.93171875 0.6083333333333334 0.024374999999999925 0.04333299999999992
0 0.96625 0.22369758333333334 0.06437499999999996 0.08249999999999998
0 0.979921875 0.5784375 0.028749999999999942 0.04833299999999996
